1ademo
scrum-1
scrum-3
1ag1
41023146
41023143
41023147
41023113
41023116
41023111
41023145
1ag2
41023104
41023103
41023105
41023106
41023107
41023109
1ag3
41023125
41023119
41023120
41023124
41023118
41023122
41023130
1ag4
40923129
41023135
41023150
41023151
41023152
40923115
41023132
40923146
40923114
1ag5
41023114
41023126
41023101
41023110
41023108
40823214
1ag6
41023121
41023140
41023133
41023112
41023153
41023134
41023138
40832244
1ag7
41023142
41023137
41023129
41023131
41023127
41023141
1ag8
40823227
41023154
41023128
41023136
41023144
41023149
41036115
