1bg6
41023226
41023233
41023227
41023230
41023231
41023232
41023250
1bg4
41023228
41023221
41023212
41023219
41023222
41023223
41023224
1bg3
41023251
41023254
41023234
41023210
41023208
41023253
41023248
41023243
1bg7
41023252
41023211
41023239
41023249
40971227
1bg2
41023241
41023244
41023205
41023206
41023202
41023229
41023240
1bg1
41023247
41023207
41023201
41023203
41023204
41023209
41023245
41023246
1bg6
41023235
41023239
41023237
41023211
41023238
41023236
41023242
1bg5
41023217
41023216
41023215
41023213
41023218
41023225
41023220